933 mm
1111617411135513. ’7111719111111351,13.
111116117μ1147117155,3 1171914177111451, 7.

’1161111 351,151 431, 16 456, 111717111141399,3 1ο.

16. 513, 17. ’11171967711383 ,14.
’.111176171339 13.]1171169777, 116,15.144,11.
’Π117167111119,11.439,13 551,1.

1611117111 1117711 698, 13.’11114411711,14.311,15· 536,

’11116111111 575, 31. 15.

’1161157919 , ’ 11171113141113.14.

’11111161395,17.’ 1117147111 638, 19
11717176411173117. ·· 11171111 11147111 433,15.
11717117117161141,1ο.363,17. ’1111111114,13.141,15.
11717717711111711646, 15 ’ 177 emm 113, 15. 396, 31.
nostramet« 199, 11 315, 1. 176111117111577, 1.

411, 16. ’117747171334 11.
11716116111161, 1413. · 1111116119. 1117141 153, 117.

1’11711,1γ1111117’ς411,17.6,53 15.

’11711171111171111413 16. ’ 11161111 371, 13
117111761714141. ’ 111171, 737, 14.
11711617111413, 13. ’111116411535 16.
117176711711779, 13.’13617111646, 13.

1117171114 11417. 139. ΰ.447,111117111116,7οο15.

1.7 756,16 111171111741117193,11.
1117111347113· 13431311 119,111611711749, 16

15 341,17’1111 137515.
11711117171111161,11.191, ’116 6, 574,16.

14. ’1161163111737 17.

’1171167111 111, 31698, 13. ’116111311316.511,13.74ο,14.
111711116711164111 11616 75317.

1117161334, 3. ’1777671166316
1117111711, 166,11, 173, 3.· 16 7131 11116161 11 1111111 151

13119. 4111111 393, 9.

’117196119111141 156, 15. 1141917174 c 436, 9
11711179111111337, 11 ’1111141611 131, 13. 53113
119766114718711536,17.339,117117761616.

’Π1111776141111317,151635,
’16111753 15 7591319.
’ 1611711713,17.19 ’11711116111153617
1166177191141117.167115191ο.311,15.

’11416111674,19.’111’111 141, 13

11341111, 7. ’11767711 631, 13 655, 17., 717,
1141676716417515.

’1171163111ς71916 ’1717911141111 13164, ,9

’117111111663 13. 1711117111 147914 4191.

’1171111111 41 6116117 434, ’1761137974 ,.17 1,;“1, 19.
μ

13. 1171611116 1111691 691,14.
’ 117116117711313, 15. 77415. 1171611771, 3493.

31514. ’171711 47813 57617
11711111611114113.176917115966911.
’117117171714111 39,11 636 , ,’1117799999919477931938 ²⁵ ω,
’11711717171171111 69, ,136 33. δ 6,
”’643436 3 ²⁰ '¹ ²¹ ,523226152656

 

