231

' 6112126112 166, 25.
· 622221662121246, 23.
[mmmm 811, 4.
6111172134 616, 9 658, 12.
621121672211 335, 24.
6267629712 787, 3.
3111969171411112821 312, 21.
8114282128111 52516.
6111212711179, 19
611162467211 235, 11.
3218296121 21234 246, 12.
82112122142111 542, 2.
ἐπικόσμημα 632, 9.
61111921617121786, 14.
ἐπιλίγδην 31, 2. 112, 7. 422,
18.
⁴¹ ἐπισκοπιανοὶ olm 336, 26.
8212123611112467, 14.
61112ιὴ6121 17184141 536, 8.
6212226927113 113, 25.
6111299137127111 561, 4.
ἐπιτειχισῐής 177, 23.
62412922 6323144111 51917.
6211913747121755, 14.
3212269274321 333, 13.
’”611161922321 333, 24.,
8912626232 18419.
49122711161642, 1.
692392247112121 79671712 66, 22.
69121 111827, 11.
8121911697112 346, 21.
8111191169771 313, 2.
61924677211774, 1.
81196171121 345,1.
{n 1123 lu 573, 8.
51217129911141 191, 8.
¹ εὔκαιρος ί. q. 1111161219, 19.
· 651263551951878625537, 19.
1133277141 339, 16.
1271669722121 622, 7.
1671299261 827, 26.
11427171 894, 2.
55555565512315535ζ 2.
1113113313..
8172112231 519,12.
8969222261 371, 4.
67671222 i. q. 1137232145, 16- 68,
1

· 15912121, ,9.
“ 41572122 433, 26.
⁶ 31162121 622. 23. 331, 28.

mm

· 811111 ¹7⁴, 2⁶·

tanyoe'wQec 124, 16

· 21172911 3. q. Αἶμος 123, 39
447, 26. 488, 33. 561, 21. 617,

' 4518441111 368, 26. 523, 26
*4111161111 579, 28.
’12412 112. 11. 111, 1ο. 7⁹0,

⁰ 3921114111 357, 23. 327, 23
,2

4267511921 433, 16.

321169212152, 12. 345, 13.

μεθ’ 4718921 386, 4576111846,
12. 722, 14. 845, 1511961 '‘pc-
921793, 22.

62322221723111132 127, 15,

61219273671121 376, 9.

6211192712141375, 18.

6111121113 629, 22.

21121 6 11961 11111961 489, 8. 562,
&wan 012 11211 1111911374,

6174211272 725, 19.

6263111121 92, 18.

81226611121692, 11.

3 6121214171532, 25.

61296112121 716, 8

6192212149111 729, 3.

8197129967 194, 13.

31291311 521, 8.

69912721671212 222, 24.

6991622721822, 18.

8792127132 161, 13. 647, 17.

642215. 1718231289, 97.

6921226 qr 753, 18

62721952211623, 17. 676, 2.

6126117162 433, 14.

’17731142 611, 4.

55185555695617668, 29.

‘ 31961112 327, 24. 68897.

:laudem 324, 4.

6302Ξ521Ξῗ55756ξζ 19. 597, 16

,2.

12521352, 12.

8243691121 328, 12.

Ξ’55151555155551114112, 21.

· easta 632 22. 711. 2321415.
* 1212942111 Ι. 17. drumm 432,
23. 433, 21. 553, 24. 381, 32.

’ 229233291161 37, 31. 722, 23.

 

