. vmnossum.

¹ 1979119791 47, 95. 143, 98.
· 9979691619 48, 96. 149, 98.

ff 9
nartem 111969, 1. 497, 16
· 9979196991 969, 96.
9134198111 11, 19 940, 94. 995, 78,
nummoque 696, 15.
9989996977919 408, 95.
· 9990697199 494, 94.
ἶ 9996799191 764, 79.
·fflffiffl½dw4
1931911εὲ91;...1
3 99311 191969 189, 95.
· 993 9119191379,97.
' 1111λό191491 779, 97.
3 9971939099 6919, 96.
⁴¹ 9971147111 139, 93. 469, 96.
⁰ 911719ρῶ9111 874, 97.
9971739871 989, 8.
' 9999914419 797, 99.

. ,799 ..1, 96 9191 184891

9 .

· 91196447 749, 96.

9191931199 78, 11. 639, 99.

· 9111159199 17999. 398, 95. 359,
94. 786, 99

' 999119119199 199, 95.

’ 9911961419 737, 93.

’99ω9999,

· 9699911999 406, 94. 733, 94.

99913ιῶ1119 474, 16.

9137197191 399, 8.

'¹ 9999914419891999,95.

ἶᾝᾝᾋᾬῇη

§douc i. 17. 90νῆ 564, 1. 754, 5.

99911346999117, 8. 118, 1.

· 9119τέ43109 37, 18910, 97. 931,
94. 561, 94.

' 9891999 119, 98. 663, 97.

991969911144119· 595, 5.

' κατάδυσις 556, 93.

3 9911381911 631, 94.

999989497911 345, 6

' 9919997φῶ99 635, 97.

· 9919949939 444, 94.

‘ 99193389171 157, 94. 639, 99.

'¹ 9919μᾶ79039 484. 96.

' 9919114991 i. q. 44611311 50, 94.

991999911911961113,91. 493, 18.

935

* 9111891199 199, 95. 999, 95, 496,
94.

3 :mauruncium 139, 97,

99191761119911 698, 3.

9911613171911· 757, 91.

911111117181141119 311, 1. 389, 5.

⁶ 9141171791 75, 90. 101, 97. 193,
9996999

9111109119ῐῆ9 966, 911.

9911996919111 137, 18. 167, 9ο.

337, 13. ,646 8. 793, 19. 746,
911

99777149191975, 1. 978, 18.
9933374919609 693, 14.

· 11111οῡ111 86, 98. 169, 95. 499, 9.
· 9919099169109 931, 95. 488, 96.
438331. .1.

’ '¹ 9118911399 190, 95.

9909936971551, 19.

’ 9116791· 649, 94.

' 919971971497 597, 95.

' 91939971699 71911911 367, 95.
⁴¹ 13153041οαῖ 485, 93. 867, 95. 745,
’134910119γῆ991 115, 95.

w? 9116917111 659, 9

9191333111 799, 7.

’ 91179415

· 3174639199 719, 93.

3 919194999199 999, 98.

'¹ 91993911916119 97, 94. 318, 96

’3393131499 968, 94. 499, 93.

” 318έαί453344, 3854777131 191, 94.
376, 96. 386, 25. 595, 97.

* 93911119 396, 31.

9353971111 605, 19.

¹ 9311991199, 119, 95.

“ 94117411 800, 94. 810, 93.

1691911416·

· tamor 011,’94.’

' 981140160695.

¹ 93199499 597, 94.

* 1139149119 194, 97, 396, 39. 675,

1193431 135, 10.

“ 9999196171, 779, 96.

' 1637111901 117 ,396891 38, 98·

71 195, 97. 499, 96. 605,

 

