931

· 791111κό1611 18716.
’41691517969111 415, 18. 461,

⁶ 7617111111 98, 15.

7111116111 565, 6.

⁶ 711116911175, 15. 195, 14. 171,
16. 171, 16. 465, 14. 681, 16.

⁴ 6475111 489, 17. 55415.

⁴¹ 6141111961 61 , 17.

Ι ⁶ 714611 591, 16.
⁶ 7111111141, 18. 99, 17. 114,17.
11917. 158,15. 674, 15.

’ 6176711511 117, 14.

604666666616661191, 1ο.

* 616411 119, 14.

⁶ 81117191116111488, 15.

⁶ 6115756111 141, 15.

Ζ4994744911612674515. 555, 15.

1111111611·

11116111 ,1111

⁶ 641174 8616. 666, 51..

⁶ 79111857, 11.

a 79614949441610666, 51.

6ρῖ91641671416357, 18.

⁶ 81411111 661,15. 778, 25·

⁶ 9141611911 191, 15.

⁶ 61141716711911458, 14.

⁶ 7175511 199, 15.

⁶ 76611911 86, 51. 781, 11.

image} 614, 11.

⁶ 76119111 111617 161,15.

⁶ 71411111κό1 411, 14.

⁶ 71716111 149, 15.

⁶ mdfffcwsfssw'c'o‘} ³3⁶& 66
667666667111 67615. 664114
164111115, 15. 711911 111711·
9611911681, 14.

47911161 581, 6105. ²⁸

7196264066μὶτᾶ 491, 11.
7115711111 691159, 16. 554,

· 5611911171, 151, 11

⁶ 7511116111711557, 15.

566666 5535 '2²71 ⁶⁵⁷‘ ²⁵·

⁶ 7171611 111, 17. “

mnu

⁶ 76111111 188, 14.

” 7111161 794. 15.

⁶ 71971111166111111 151, 15.

⁶ 7169711911 616, 14.

' 7160114111 790, 18.

⁶ 71111169111 591, 14.

’ 711111611911 586, 16.

711117671117111556, 5.

⁴ 177114 611, 11.

” 71964111 141, 15.

⁶ 7191611185, 14.

⁶ 7111164111 661, 16.

61161511141414, 1.

6117116171111 485, 11.

61171116671179, 11.

6141911711 511, 6.

611919967711 517, 9

1161711511 115, 19 11516 198,
1 .

⁶ 66111711 666, 19.

611561 754, 18.

6111116911 791, 11.

6111111111 518, 3.

6116119111 59, 15.

⁶ 61141111 77,14.

614111191911147, 5. 454, 11

611 6711911 511, 6.

” 6691161611 777,14.

’ 67711719116111 560, 14.

moneam 1111·

6771111161 58615.

6117111161 64515.

611711114111811816, 6

61161911117111115, 15.

6116111161579, 4.

61117116111 141, 18.

6111796111711 111, 11. 117, 4.

6111611111141 17. 678, u&

6111461119 51 6-

619974691 1118, 5. 511, 15. 811,

1 .

1111111111

611419117111859, 15.

6199411161 89, 15. 515, 6
1

6119619561, 1.

6111116111614, 66.

61111161111161 411, 6.

6119191711111511, 11.

⁶ 61761111 551, 15·

61111161811548, 8

61611411511, 6.

6111111161 5471 ²²·

6111711914111663, 11.

 

